[gd_scene load_steps=6 format=2]

[ext_resource path="res://ram.tscn" type="PackedScene" id=1]
[ext_resource path="res://Ball.tscn" type="PackedScene" id=2]
[ext_resource path="res://sheep.tscn" type="PackedScene" id=3]

[sub_resource type="CubeMesh" id=1]

[sub_resource type="BoxShape" id=2]

[node name="Spatial" type="Spatial"]

[node name="StaticBody" type="StaticBody" parent="."]
transform = Transform( 40, 0, 0, 0, 1, 0, 0, 0, 40, 0, 0, 0 )
collision_mask = 7

[node name="MeshInstance" type="MeshInstance" parent="StaticBody"]
mesh = SubResource( 1 )
material/0 = null

[node name="CollisionShape" type="CollisionShape" parent="StaticBody"]
shape = SubResource( 2 )

[node name="Ball" parent="." instance=ExtResource( 2 )]
transform = Transform( 1, 0, 0, 0, 1, 0, 0, 0, 1, -7, 2, 3 )

[node name="Ball2" parent="." instance=ExtResource( 2 )]
transform = Transform( 1, 0, 0, 0, 1, 0, 0, 0, 1, 5, 2, 3 )

[node name="Ball3" parent="." instance=ExtResource( 2 )]
transform = Transform( 1, 0, 0, 0, 1, 0, 0, 0, 1, 0, 2, 6 )

[node name="Ball4" parent="." instance=ExtResource( 2 )]
transform = Transform( 1, 0, 0, 0, 1, 0, 0, 0, 1, 4, 2, -6 )

[node name="Ball5" parent="." instance=ExtResource( 2 )]
transform = Transform( 1, 0, 0, 0, 1, 0, 0, 0, 1, -1, 2, -8 )

[node name="Ball6" parent="." instance=ExtResource( 2 )]
transform = Transform( 1, 0, 0, 0, 1, 0, 0, 0, 1, -7, 2, -6 )

[node name="Ball7" parent="." instance=ExtResource( 2 )]
transform = Transform( 1, 0, 0, 0, 1, 0, 0, 0, 1, -5.58536, 5.66933, -6 )

[node name="Ball8" parent="." instance=ExtResource( 2 )]
transform = Transform( 1, 0, 0, 0, 1, 0, 0, 0, 1, -0.0202088, 5.66933, -5.1508 )

[node name="Ball9" parent="." instance=ExtResource( 2 )]
transform = Transform( 1, 0, 0, 0, 1, 0, 0, 0, 1, -0.0202088, 5.66933, 5.14249 )

[node name="Ball10" parent="." instance=ExtResource( 2 )]
transform = Transform( 1, 0, 0, 0, 1, 0, 0, 0, 1, 4.81059, 9.57194, 1.48137 )

[node name="ram" parent="." instance=ExtResource( 1 )]
transform = Transform( 1, 0, 0, 0, 1, 0, 0, 0, 1, 0, 1, 0 )

[node name="sheep" parent="." instance=ExtResource( 3 )]
transform = Transform( -0.327581, 0, 0.944823, 0, 1, 0, -0.944823, 0, -0.327581, 24.6988, 1, 15.8836 )

[node name="sheep2" parent="." instance=ExtResource( 3 )]
transform = Transform( 0.477082, 0, -0.878859, 0, 1, 0, 0.878859, 0, 0.477082, 24.6988, 1, -13.0851 )

[node name="sheep3" parent="." instance=ExtResource( 3 )]
transform = Transform( 0.864871, 0, 0.501994, 0, 1, 0, -0.501994, 0, 0.864871, -23.3928, 1, -13.0851 )
